1 0 1027
2 1027 1082
3 2109 6473
4 8582 2091
5 10673 1928
6 12601 6172
7 18773 3522
8 22295 603
9 22898 1778
10 24676 3036
11 27712 1176
12 28888 2233
13 31121 1100
14 32221 3430
15 35651 4085
16 39736 4274
17 44010 6132
18 50142 3689
19 53831 698
20 54529 4266
21 58795 4069
22 62864 527
23 63391 963
24 64354 1553
25 65907 3650
26 69557 3571
27 73128 4785
28 77913 2689
29 80602 2072
30 82674 3123
31 85797 801
32 86598 7102
33 93700 931
34 94631 3098
35 97729 2333
36 100062 2637
37 102699 3334
38 106033 2545
39 108578 3797
40 112375 2036
41 114411 1852
42 116263 4348
43 120611 1422
44 122033 4388
45 126421 3871
46 130292 5559
47 135851 6542
48 142393 4388
49 146781 1745
50 148526 1212
51 149738 2752
52 152490 6408
53 158898 2529
54 161427 3436
55 164863 2692
56 167555 2193
57 169748 10250
58 179998 733
59 180731 8832
60 189563 6751
61 196314 2202
62 198516 2514
63 201030 2390
64 203420 2302
65 205722 1303
66 207025 1084
67 208109 2939
68 211048 10084
69 221132 1276
70 222408 3905
71 226313 1085
72 227398 454
73 227852 10519
74 238371 1831
75 240202 3345
76 243547 3237
77 246784 3438
78 250222 9514
79 259736 2159
80 261895 1083
81 262978 751
82 263729 1014
83 264743 1828
84 266571 8453
85 275024 3435
86 278459 6300
87 284759 4691
88 289450 5473
89 294923 1703
90 296626 5271
91 301897 1657
92 303554 1669
93 305223 6641
94 311864 2753
95 314617 1493
96 316110 2061
97 318171 2568
98 320739 2572
99 323311 3647
100 326958 5561
101 332519 2545
102 335064 8474
103 343538 7302
104 350840 2409
105 353249 1459
106 354708 1638
107 356346 2669
108 359015 2571
109 361586 2246
110 363832 3057
111 366889 2065
112 368954 2980
113 371934 6854
114 378788 6340
115 385128 6780
116 391908 6657
117 398565 3936
118 402501 7997
119 410498 7680
120 418178 3113
121 421291 1795
122 423086 2967
123 426053 1545
124 427598 3020
125 430618 3432
126 434050 1843
127 435893 1523
128 437416 4748
129 442164 1735
130 443899 1500
131 445399 2458
132 447857 3611
133 451468 2030
134 453498 1456
135 454954 2800
136 457754 7580
137 465334 3273
138 468607 3588
139 472195 8783
140 480978 3724
141 484702 2803
142 487505 2188
143 489693 3541
144 493234 3482
145 496716 2060
146 498776 1580
147 500356 1791
148 502147 6328
149 508475 3185
150 511660 2230
151 513890 1853
152 515743 3399
153 519142 5475
154 524617 1995
155 526612 4116
156 530728 2707
157 533435 3663
158 537098 1738
159 538836 1530
160 540366 1517
161 541883 1615
162 543498 3609
163 547107 2717
164 549824 3951
165 553775 2366
166 556141 2385
167 558526 2566
168 561092 2367
169 563459 2475
170 565934 21923
171 587857 3186
172 591043 3575
173 594618 6288
174 600906 3080
175 603986 3290
176 607276 3401
177 610677 5183
178 615860 1601
179 617461 2582
180 620043 3404
181 623447 2443
182 625890 1075
183 626965 2352
184 629317 5064
185 634381 4198
186 638579 3005
187 641584 3760
188 645344 2630
189 647974 5398
190 653372 2519
191 655891 3749
192 659640 1093
193 660733 5112
194 665845 1420
195 667265 1206
196 668471 2037
197 670508 7256
198 677764 3315
199 681079 2529
200 683608 1953
201 685561 3082
202 688643 6280
203 694923 954
204 695877 902
205 696779 1118
206 697897 782
207 698679 6293
208 704972 2826
209 707798 5046
210 712844 8938
211 721782 7210
212 728992 5353
213 734345 1474
214 735819 640
215 736459 3212
216 739671 9026
217 748697 2869
218 751566 2213
219 753779 5557
220 759336 1271
221 760607 4392
222 764999 689
223 765688 2506
224 768194 1495
225 769689 1086
226 770775 2463
227 773238 4277
228 777515 2801
229 780316 5393
230 785709 5828
231 791537 4440
232 795977 2748
233 798725 2032
234 800757 1040
235 801797 790
236 802587 2637
237 805224 5728
238 810952 1754
239 812706 1681
240 814387 1189
241 815576 2214
242 817790 2425
243 820215 1389
244 821604 544
245 822148 4992
246 827140 6081
247 833221 11587
248 844808 1200
249 846008 2289
250 848297 994
251 849291 2140
252 851431 5168
253 856599 2424
254 859023 3016
255 862039 20011
256 882050 2817
257 884867 1583
258 886450 1720
259 888170 1397
260 889567 7216
261 896783 4573
262 901356 12550
263 913906 2380
264 916286 1802
265 918088 1416
266 919504 3060
267 922564 1370
268 923934 3854
269 927788 1068
270 928856 1289
271 930145 2305
272 932450 1912
273 934362 3424
274 937786 204
275 937990 962
276 938952 7054
277 946006 5072
278 951078 6378
279 957456 4410
280 961866 3687
281 965553 2740
282 968293 30554
283 998847 3865
284 1002712 4977
285 1007689 2806
286 1010495 1912
287 1012407 4555
288 1016962 1225
289 1018187 2552
290 1020739 394
291 1021133 416
292 1021549 427
293 1021976 472
294 1022448 446
295 1022894 449
296 1023343 476
297 1023819 514
298 1024333 462
299 1024795 492
300 1025287 462
301 1025749 460
302 1026209 475
303 1026684 443
304 1027127 512
305 1027639 5225
306 1032864 1267
307 1034131 14424
308 1048555 1067
309 1049622 1285
310 1050907 5135
311 1056042 2458
312 1058500 3027
313 1061527 6685
314 1068212 6053
315 1074265 8824
316 1083089 11109
317 1094198 2012
318 1096210 6289
319 1102499 5419
320 1107918 9681
321 1117599 7544
322 1125143 198
323 1125341 233
324 1125574 257
325 1125831 186
326 1126017 219
327 1126236 197
328 1126433 242
329 1126675 5729
330 1132404 1183
331 1133587 4859
332 1138446 9639
333 1148085 5356
334 1153441 2905
335 1156346 1970
336 1158316 1935
337 1160251 2301
338 1162552 1802
339 1164354 1396
340 1165750 1480
341 1167230 1525
342 1168755 1615
343 1170370 3433
344 1173803 2529
345 1176332 15151
346 1191483 3266
347 1194749 7908
348 1202657 3664
349 1206321 3409
350 1209730 6107
351 1215837 2514
352 1218351 3674
353 1222025 2717
354 1224742 9291
355 1234033 1376
356 1235409 184
357 1235593 4772
358 1240365 1395
359 1241760 1689
360 1243449 1822
361 1245271 2811
362 1248082 8101
363 1256183 7470
364 1263653 3481
365 1267134 9659
366 1276793 1623
367 1278416 932
368 1279348 1642
369 1280990 4119
370 1285109 3726
371 1288835 1012
372 1289847 14921
373 1304768 6433
374 1311201 3465
375 1314666 3475
376 1318141 1194
377 1319335 4773
378 1324108 742
379 1324850 481
380 1325331 7632
381 1332963 2815
382 1335778 3613
383 1339391 2693
384 1342084 1193
385 1343277 973
386 1344250 2117
387 1346367 243
388 1346610 251
389 1346861 11211
390 1358072 4963
391 1363035 5712
392 1368747 1707
393 1370454 830
394 1371284 22004
395 1393288 1450
396 1394738 6450
397 1401188 6288
398 1407476 9335
399 1416811 1579
400 1418390 3701
401 1422091 2055
402 1424146 3741
403 1427887 2313
404 1430200 1937
405 1432137 2406
406 1434543 3328
407 1437871 2357
408 1440228 2409
409 1442637 19518
410 1462155 8238
411 1470393 4337
412 1474730 4430
413 1479160 4060
414 1483220 1501
415 1484721 4429
416 1489150 1343
417 1490493 1161
418 1491654 1453
419 1493107 7268
420 1500375 2147
421 1502522 17615
422 1520137 8646
423 1528783 5583
424 1534366 3986
425 1538352 3555
426 1541907 2013
427 1543920 15830
428 1559750 4373
429 1564123 1129
430 1565252 1907
431 1567159 1336
432 1568495 7956
433 1576451 5091
434 1581542 6770
435 1588312 1783
436 1590095 7983
437 1598078 7408
438 1605486 8322
439 1613808 4872
440 1618680 6524
441 1625204 14938
442 1640142 7323
443 1647465 5001
444 1652466 1344
445 1653810 1539
446 1655349 2121
447 1657470 1321
448 1658791 722
449 1659513 6209
450 1665722 2100
451 1667822 7978
452 1675800 4109
453 1679909 1836
454 1681745 5169
455 1686914 5402
456 1692316 8976
457 1701292 4641
458 1705933 9312
459 1715245 3728
460 1718973 1048
461 1720021 1393
462 1721414 8889
463 1730303 275
464 1730578 1690
465 1732268 672
466 1732940 1448
467 1734388 12223
468 1746611 7923
469 1754534 4040
470 1758574 4939
471 1763513 4415
472 1767928 8635
473 1776563 2186
474 1778749 5314
475 1784063 2882
476 1786945 3114
477 1790059 1683
478 1791742 7943
479 1799685 3650
480 1803335 13803
481 1817138 3227
482 1820365 3839
483 1824204 4262
484 1828466 11230
485 1839696 910
486 1840606 7932
487 1848538 6210
488 1854748 792
489 1855540 5640
490 1861180 15191
491 1876371 812
492 1877183 6025
493 1883208 562
494 1883770 5212
495 1888982 7789
496 1896771 1333
497 1898104 4341
498 1902445 607
499 1903052 8856
500 1911908 1244
501 1913152 3997
502 1917149 3999
503 1921148 4221
504 1925369 16818
505 1942187 1997
506 1944184 12017
507 1956201 14174
508 1970375 8869
509 1979244 8043
510 1987287 4754
511 1992041 11134
512 2003175 3349
513 2006524 4908
514 2011432 4484
515 2015916 4109
516 2020025 5411
517 2025436 3357
518 2028793 4154
519 2032947 3906
520 2036853 6570
521 2043423 3805
522 2047228 5444
523 2052672 3361
524 2056033 4432
525 2060465 24346
526 2084811 2002
527 2086813 4914
528 2091727 4862
529 2096589 4970
530 2101559 4190
531 2105749 3988
532 2109737 3347
533 2113084 23972
534 2137056 1946
535 2139002 4640
536 2143642 5203
537 2148845 15534
538 2164379 10174
539 2174553 1848
540 2176401 5042
541 2181443 5576
542 2187019 3188
543 2190207 6310
544 2196517 7246
545 2203763 5216
546 2208979 6426
547 2215405 3825
548 2219230 6154
549 2225384 4825
550 2230209 6742
551 2236951 4080
552 2241031 8040
553 2249071 4894
554 2253965 4405
555 2258370 33364
556 2291734 1923
557 2293657 4368
558 2298025 5671
559 2303696 4108
560 2307804 2191
561 2309995 20975
562 2330970 5116
563 2336086 4641
564 2340727 4279
565 2345006 2170
566 2347176 4428
567 2351604 4211
568 2355815 5504
569 2361319 4265
570 2365584 22026
571 2387610 4631
572 2392241 3796
573 2396037 4957
574 2400994 2092
575 2403086 4497
576 2407583 5277
577 2412860 5401
578 2418261 3087
579 2421348 5063
580 2426411 5526
581 2431937 6094
582 2438031 3405
583 2441436 5060
584 2446496 4600
585 2451096 4714
586 2455810 3629
587 2459439 6724
588 2466163 4729
589 2470892 4357
590 2475249 2260
591 2477509 24559
592 2502068 4715
593 2506783 4945
594 2511728 9296
595 2521024 10206
596 2531230 4115
597 2535345 4282
598 2539627 3794
599 2543421 5794
600 2549215 23852
601 2573067 2281
602 2575348 5089
603 2580437 5050
604 2585487 5349
605 2590836 3874
606 2594710 3236
607 2597946 3707
608 2601653 4544
609 2606197 4794
610 2610991 18621
611 2629612 2301
612 2631913 4653
613 2636566 7914
614 2644480 7675
615 2652155 2804
616 2654959 4956
617 2659915 7371
618 2667286 5000
619 2672286 5740
620 2678026 6106
621 2684132 3783
622 2687915 7509
623 2695424 4534
624 2699958 4358
625 2704316 3478
626 2707794 7234
627 2715028 4929
628 2719957 4934
629 2724891 23372
630 2748263 2266
631 2750529 3665
632 2754194 6496
633 2760690 4661
634 2765351 4831
635 2770182 3376
636 2773558 15284
637 2788842 4677
638 2793519 3902
639 2797421 4030
640 2801451 2107
641 2803558 4554
642 2808112 8920
643 2817032 4033
644 2821065 4450
645 2825515 4455
646 2829970 2964
647 2832934 8861
648 2841795 8051
649 2849846 2335
650 2852181 3622
651 2855803 5079
652 2860882 5078
653 2865960 4828
654 2870788 18621
655 2889409 4721
656 2894130 6281
657 2900411 2687
658 2903098 3374
659 2906472 5100
660 2911572 2755
661 2914327 10822
662 2925149 4406
663 2929555 5621
664 2935176 4243
665 2939419 3235
666 2942654 5893
667 2948547 4662
668 2953209 4189
669 2957398 3836
670 2961234 5340
671 2966574 4611
672 2971185 5640
673 2976825 21951
674 2998776 2476
675 3001252 4444
676 3005696 4279
677 3009975 5125
678 3015100 2534
679 3017634 4289
680 3021923 3643
681 3025566 4264
682 3029830 6093
683 3035923 26397
684 3062320 2482
685 3064802 5241
686 3070043 199
687 3070242 182
688 3070424 5064
689 3075488 15735
690 3091223 2125
691 3093348 2478
692 3095826 4029
693 3099855 3111
694 3102966 4081
695 3107047 3516
696 3110563 10787
697 3121350 10338
698 3131688 5360
699 3137048 12949
700 3149997 4681
701 3154678 5552
702 3160230 7409
703 3167639 7698
704 3175337 5290
705 3180627 7281
706 3187908 4304
707 3192212 3422
708 3195634 4343
709 3199977 6464
710 3206441 4827
711 3211268 31505
712 3242773 2220
713 3244993 13004
714 3257997 10823
715 3268820 7080
716 3275900 3585
717 3279485 12349
718 3291834 4374
719 3296208 2862
720 3299070 8287
721 3307357 2620
722 3309977 3232
723 3313209 2200
724 3315409 4282
725 3319691 16167
726 3335858 2291
727 3338149 4243
728 3342392 7167
729 3349559 4300
730 3353859 1927
731 3355786 5523
732 3361309 21383
733 3382692 2284
734 3384976 1909
735 3386885 2372
736 3389257 2713
737 3391970 18329
738 3410299 4238
739 3414537 6548
740 3421085 9683
741 3430768 4636
742 3435404 4417
743 3439821 3780
744 3443601 1899
745 3445500 6650
746 3452150 2632
747 3454782 4953
748 3459735 3241
749 3462976 7032
750 3470008 3472
751 3473480 4826
752 3478306 6935
753 3485241 4498
754 3489739 5575
755 3495314 4300
756 3499614 2185
757 3501799 22180
758 3523979 4622
759 3528601 3763
760 3532364 13416
761 3545780 2015
762 3547795 2046
763 3549841 2112
764 3551953 2903
765 3554856 1705
766 3556561 19234
767 3575795 4474
768 3580269 3771
769 3584040 4664
770 3588704 2627
771 3591331 2462
772 3593793 2237
773 3596030 2912
774 3598942 2364
775 3601306 2931
776 3604237 22537
777 3626774 4496
778 3631270 7235
779 3638505 2262
780 3640767 4041
781 3644808 1972
782 3646780 1982
783 3648762 3734
784 3652496 6096
785 3658592 5726
786 3664318 4339
787 3668657 4588
788 3673245 5252
789 3678497 3745
790 3682242 4687
791 3686929 4471
792 3691400 24306
793 3715706 2239
794 3717945 4084
795 3722029 4110
796 3726139 4605
797 3730744 2593
798 3733337 2252
799 3735589 2428
800 3738017 2413
801 3740430 2790
802 3743220 16447
803 3759667 4452
804 3764119 4448
805 3768567 2069
806 3770636 8276
807 3778912 2398
808 3781310 2839
809 3784149 2795
810 3786944 2807
811 3789751 20258
812 3810009 5365
813 3815374 4144
814 3819518 10013
815 3829531 10750
816 3840281 2302
817 3842583 4521
818 3847104 2839
819 3849943 5146
820 3855089 3936
821 3859025 6461
822 3865486 6669
823 3872155 3393
824 3875548 4158
825 3879706 3129
826 3882835 4723
827 3887558 1902
828 3889460 5071
829 3894531 23504
830 3918035 2194
831 3920229 3985
832 3924214 4232
833 3928446 202
834 3928648 2378
835 3931026 15493
836 3946519 2268
837 3948787 3121
838 3951908 4112
839 3956020 2631
840 3958651 2462
841 3961113 21141
842 3982254 4166
843 3986420 16295
844 4002715 4006
845 4006721 2253
846 4008974 4244
847 4013218 16966
848 4030184 4547
849 4034731 2079
850 4036810 12806
851 4049616 9607
852 4059223 5217
853 4064440 5503
854 4069943 2912
855 4072855 4205
856 4077060 8868
857 4085928 5562
858 4091490 5035
859 4096525 7022
860 4103547 6695
861 4110242 6580
862 4116822 5122
863 4121944 29056
864 4151000 3264
865 4154264 3930
866 4158194 5484
867 4163678 2634
868 4166312 7561
869 4173873 1917
870 4175790 2288
871 4178078 2993
872 4181071 4352
873 4185423 2981
874 4188404 2655
875 4191059 3773
876 4194832 2906
877 4197738 20959
878 4218697 5626
879 4224323 7336
880 4231659 4153
881 4235812 4595
882 4240407 1896
883 4242303 6133
884 4248436 2854
885 4251290 2453
886 4253743 2210
887 4255953 3044
888 4258997 13517
889 4272514 4225
890 4276739 4612
891 4281351 1809
892 4283160 4448
893 4287608 5506
894 4293114 2260
895 4295374 2386
896 4297760 4584
897 4302344 3522
898 4305866 8945
899 4314811 7426
900 4322237 4030
901 4326267 5221
902 4331488 2983
903 4334471 15711
904 4350182 4989
905 4355171 5943
906 4361114 4353
907 4365467 2242
908 4367709 2665
909 4370374 2025
910 4372399 2814
911 4375213 2435
912 4377648 12661
913 4390309 4729
914 4395038 4784
915 4399822 7242
916 4407064 2007
917 4409071 6111
918 4415182 12242
919 4427424 5844
920 4433268 5249
921 4438517 2223
922 4440740 7316
923 4448056 2241
924 4450297 3103
925 4453400 2473
926 4455873 2684
927 4458557 17193
928 4475750 4070
929 4479820 5182
930 4485002 2317
931 4487319 2293
932 4489612 6328
933 4495940 7105
934 4503045 4506
935 4507551 3551
936 4511102 1870
937 4512972 3995
938 4516967 4447
939 4521414 2672
940 4524086 4301
941 4528387 5088
942 4533475 2151
943 4535626 22079
944 4557705 3941
945 4561646 3664
946 4565310 4062
947 4569372 2767
948 4572139 2417
949 4574556 16747
950 4591303 4971
951 4596274 3240
952 4599514 2162
953 4601676 1591
954 4603267 2492
955 4605759 3470
956 4609229 14262
957 4623491 3814
958 4627305 12779
959 4640084 4552
960 4644636 3353
961 4647989 2102
962 4650091 5260
963 4655351 1943
964 4657294 2424
965 4659718 3019
966 4662737 14715
967 4677452 3708
968 4681160 4564
969 4685724 3478
970 4689202 2447
971 4691649 2780
972 4694429 4558
973 4698987 8111
974 4707098 6576
975 4713674 9246
976 4722920 3505
977 4726425 3661
978 4730086 3879
979 4733965 2235
980 4736200 7576
981 4743776 21215
982 4764991 9697
983 4774688 6958
984 4781646 5089
985 4786735 5128
986 4791863 5916
987 4797779 5861
988 4803640 5955
989 4809595 3551
990 4813146 4305
991 4817451 4715
992 4822166 4608
993 4826774 4997
994 4831771 4724
995 4836495 2407
996 4838902 2260
997 4841162 4633
998 4845795 21429
999 4867224 1434
1000 4868658 184
1001 4868842 184
1002 4869026 205
1003 4869231 196
1004 4869427 169
1005 4869596 210
1006 4869806 209
1007 4870015 208
1008 4870223 207
1009 4870430 211
1010 4870641 202
1011 4870843 184
1012 4871027 167
1013 4871194 172
1014 4871366 194
1015 4871560 191
1016 4871751 213
1017 4871964 188
1018 4872152 169
1019 4872321 175
1020 4872496 190
1021 4872686 184
1022 4872870 204
1023 4873074 204
1024 4873278 208
1025 4873486 205
1026 4873691 169
1027 4873860 197
1028 4874057 208
1029 4874265 191
1030 4874456 208
1031 4874664 184
1032 4874848 203
1033 4875051 208
1034 4875259 205
1035 4875464 211
1036 4875675 188
1037 4875863 214
1038 4876077 207
1039 4876284 210
1040 4876494 211
1041 4876705 205
1042 4876910 202
1043 4877112 197
1044 4877309 190
1045 4877499 175
1046 4877674 210
1047 4877884 202
1048 4878086 178
1049 4878264 163
1050 4878427 466
1051 4878893 3140
1052 4882033 2102
1053 4884135 10107
1054 4894242 1006
1055 4895248 1335
1056 4896583 5127
1057 4901710 2522
1058 4904232 6605
1059 4910837 7762
1060 4918599 1410
1061 4920009 1755
1062 4921764 2228
1063 4923992 3393
1064 4927385 1757
1065 4929142 2088
1066 4931230 5891
1067 4937121 2068
1068 4939189 1426
1069 4940615 1084
1070 4941699 3162
1071 4944861 6298
1072 4951159 1816
1073 4952975 2355
1074 4955330 2572
1075 4957902 2510
1076 4960412 3587
1077 4963999 1268
1078 4965267 8431
1079 4973698 3751
1080 4977449 1381
1081 4978830 9982
1082 4988812 4026
1083 4992838 7133
1084 4999971 3303
1085 5003274 6390
1086 5009664 4280
1087 5013944 4599
1088 5018543 2926
1089 5021469 1283
1090 5022752 3048
1091 5025800 1940
1092 5027740 1662
1093 5029402 1711
1094 5031113 3336
1095 5034449 2056
1096 5036505 2118
1097 5038623 980
1098 5039603 1883
1099 5041486 3933
1100 5045419 2189
1101 5047608 5347
1102 5052955 1737
1103 5054692 1874
1104 5056566 2535
1105 5059101 2179
1106 5061280 2367
1107 5063647 2148
1108 5065795 1778
1109 5067573 2374
1110 5069947 5873
1111 5075820 4886
1112 5080706 13409
1113 5094115 5218
1114 5099333 949
1115 5100282 14051
1116 5114333 1826
1117 5116159 1505
1118 5117664 992
1119 5118656 1278
1120 5119934 1748
1121 5121682 6038
1122 5127720 2919
1123 5130639 2946
1124 5133585 2335
1125 5135920 1932
1126 5137852 2763
1127 5140615 5376
1128 5145991 14968
1129 5160959 7188
1130 5168147 3276
1131 5171423 3175
1132 5174598 2537
1133 5177135 2851
1134 5179986 1337
1135 5181323 2286
1136 5183609 5118
1137 5188727 1592
1138 5190319 1286
1139 5191605 1695
1140 5193300 1972
1141 5195272 2055
1142 5197327 2557
1143 5199884 2019
1144 5201903 1481
1145 5203384 1372
1146 5204756 1282
1147 5206038 2465
1148 5208503 8265
1149 5216768 4163
1150 5220931 3171
1151 5224102 12717
1152 5236819 4403
1153 5241222 2310
1154 5243532 2416
1155 5245948 644
1156 5246592 1276
1157 5247868 9705
1158 5257573 21558
1159 5279131 867
1160 5279998 3453
1161 5283451 1390
1162 5284841 1035
1163 5285876 5558
1164 5291434 1204
1165 5292638 861
1166 5293499 10508
1167 5304007 1318
1168 5305325 17053
1169 5322378 9249
1170 5331627 2764
1171 5334391 3886
1172 5338277 1280
1173 5339557 4466
1174 5344023 5817
1175 5349840 996
1176 5350836 731
1177 5351567 2289
1178 5353856 7923
1179 5361779 3241
1180 5365020 1798
1181 5366818 498
1182 5367316 1493
1183 5368809 2260
1184 5371069 3741
1185 5374810 5717
1186 5380527 1281
1187 5381808 3082
1188 5384890 1202
1189 5386092 1276
1190 5387368 1050
1191 5388418 5404
1192 5393822 911
1193 5394733 4260
1194 5398993 323
1195 5399316 8631
1196 5407947 3517
1197 5411464 1555
1198 5413019 1295
1199 5414314 6151
1200 5420465 3889
1201 5424354 1183
1202 5425537 2848
1203 5428385 2601
1204 5430986 1738
1205 5432724 4063
1206 5436787 12472
1207 5449259 1431
1208 5450690 3976
1209 5454666 3506
1210 5458172 1315
1211 5459487 1050
1212 5460537 3884
1213 5464421 6665
1214 5471086 1574
1215 5472660 1476
1216 5474136 1426
1217 5475562 2348
1218 5477910 2140
1219 5480050 1697
1220 5481747 1720
1221 5483467 1117
1222 5484584 1592
1223 5486176 754
1224 5486930 6739
1225 5493669 8051
1226 5501720 1427
1227 5503147 1045
1228 5504192 4557
1229 5508749 2360
1230 5511109 1127
1231 5512236 6293
1232 5518529 1759
1233 5520288 7470
1234 5527758 2153
1235 5529911 6214
1236 5536125 3886
1237 5540011 1347
1238 5541358 8131
1239 5549489 6657
1240 5556146 9218
1241 5565364 3551
1242 5568915 2191
1243 5571106 3333
1244 5574439 4610
1245 5579049 1667
1246 5580716 1298
1247 5582014 5472
1248 5587486 1244
1249 5588730 1957
1250 5590687 2661
1251 5593348 2406
1252 5595754 1205
1253 5596959 1130
1254 5598089 6775
1255 5604864 3121
1256 5607985 2598
1257 5610583 5109
1258 5615692 1901
1259 5617593 2513
1260 5620106 4634
1261 5624740 4603
1262 5629343 4387
1263 5633730 3081
1264 5636811 7645
1265 5644456 5767
1266 5650223 3507
1267 5653730 3326
1268 5657056 2330
1269 5659386 3386
1270 5662772 2147
1271 5664919 2012
1272 5666931 9108
1273 5676039 5379
1274 5681418 7253
1275 5688671 5243
1276 5693914 4650
1277 5698564 7974
1278 5706538 11576
1279 5718114 6123
1280 5724237 1413
1281 5725650 1832
1282 5727482 970
1283 5728452 5222
1284 5733674 2917
1285 5736591 663
1286 5737254 4126
1287 5741380 808
1288 5742188 3105
1289 5745293 726
1290 5746019 907
1291 5746926 4170
1292 5751096 3624
1293 5754720 1262
1294 5755982 1776
1295 5757758 1135
1296 5758893 1623
1297 5760516 864
1298 5761380 2434
1299 5763814 4371
1300 5768185 4673
1301 5772858 1003
1302 5773861 2236
1303 5776097 959
1304 5777056 1966
1305 5779022 882
1306 5779904 1197
1307 5781101 1487
1308 5782588 560
1309 5783148 3965
1310 5787113 1419
1311 5788532 4753
1312 5793285 2445
1313 5795730 2071
1314 5797801 2492
1315 5800293 2237
1316 5802530 3479
1317 5806009 1671
1318 5807680 1129
1319 5808809 2555
1320 5811364 1990
1321 5813354 1889
1322 5815243 4279
1323 5819522 14152
1324 5833674 2109
1325 5835783 6353
1326 5842136 13423
1327 5855559 8919
1328 5864478 3645
1329 5868123 4552
1330 5872675 3579
1331 5876254 5499
1332 5881753 1662
1333 5883415 3925
1334 5887340 1854
1335 5889194 9548
1336 5898742 6431
1337 5905173 2446
1338 5907619 4368
1339 5911987 7506
1340 5919493 2049
1341 5921542 3671
1342 5925213 4180
1343 5929393 1073
1344 5930466 2177
1345 5932643 8017
1346 5940660 11477
1347 5952137 2031
1348 5954168 3515
1349 5957683 5139
1350 5962822 5310
1351 5968132 5119
1352 5973251 6279
1353 5979530 1001
1354 5980531 6943
1355 5987474 2883
1356 5990357 9261
1357 5999618 4135
1358 6003753 6292
1359 6010045 2841
1360 6012886 1542
1361 6014428 2896
1362 6017324 3377
1363 6020701 1757
1364 6022458 5498
1365 6027956 8974
1366 6036930 181
1367 6037111 2278
1368 6039389 8363
1369 6047752 6760
1370 6054512 6415
1371 6060927 3669
1372 6064596 3362
1373 6067958 2868
1374 6070826 3397
1375 6074223 462
1376 6074685 2152
1377 6076837 3896
1378 6080733 3591
1379 6084324 2896
1380 6087220 3551
1381 6090771 2679
1382 6093450 6521
1383 6099971 9349
1384 6109320 8355
1385 6117675 10442
1386 6128117 9634
1387 6137751 10196
1388 6147947 7895
1389 6155842 5419
1390 6161261 6185
1391 6167446 7435
1392 6174881 3429
1393 6178310 3881
1394 6182191 2344
1395 6184535 1532
1396 6186067 1638
1397 6187705 3126
1398 6190831 3493
1399 6194324 7542
1400 6201866 6312
1401 6208178 5884
1402 6214062 3466
1403 6217528 4529
1404 6222057 3431
1405 6225488 11364
1406 6236852 5037
1407 6241889 6533
1408 6248422 4767
1409 6253189 948
1410 6254137 4115
1411 6258252 3630
1412 6261882 3414
1413 6265296 4284
1414 6269580 4884
1415 6274464 4538
1416 6279002 7961
1417 6286963 2230
1418 6289193 5495
1419 6294688 4317
1420 6299005 6340
1421 6305345 4743
1422 6310088 2133
1423 6312221 2124
1424 6314345 1456
1425 6315801 3297
1426 6319098 4566
1427 6323664 4118
1428 6327782 6085
1429 6333867 8357
1430 6342224 1842
1431 6344066 5594
1432 6349660 7221
1433 6356881 1231
1434 6358112 3338
1435 6361450 4009
1436 6365459 1574
1437 6367033 7183
1438 6374216 2740
1439 6376956 9878
1440 6386834 4220
1441 6391054 5757
1442 6396811 784
1443 6397595 3665
1444 6401260 1963
1445 6403223 1913
1446 6405136 1554
1447 6406690 2550
1448 6409240 1998
1449 6411238 3676
1450 6414914 935
1451 6415849 1202
1452 6417051 1874
1453 6418925 1422
1454 6420347 3792
1455 6424139 5682
1456 6429821 2224
1457 6432045 2831
1458 6434876 1493
1459 6436369 5737
1460 6442106 2648
1461 6444754 1278
1462 6446032 1259
1463 6447291 1312
1464 6448603 7561
1465 6456164 1697
1466 6457861 2769
1467 6460630 1232
1468 6461862 1368
1469 6463230 5093
1470 6468323 3026
1471 6471349 1291
1472 6472640 2715
1473 6475355 1410
1474 6476765 915
1475 6477680 2747
1476 6480427 1489
1477 6481916 797
1478 6482713 2834
1479 6485547 1075
1480 6486622 8687
1481 6495309 2589
1482 6497898 1601
1483 6499499 2161
1484 6501660 1950
1485 6503610 6203
1486 6509813 2066
1487 6511879 1544
1488 6513423 3060
1489 6516483 4029
1490 6520512 2629
1491 6523141 2827
1492 6525968 1032
1493 6527000 1414
1494 6528414 5369
1495 6533783 1641
1496 6535424 3492
1497 6538916 2040
1498 6540956 5613
1499 6546569 6595
1500 6553164 1116
1501 6554280 1401
1502 6555681 348
1503 6556029 2124
1504 6558153 1695
1505 6559848 2818
1506 6562666 1188
1507 6563854 1932
1508 6565786 858
1509 6566644 1809
1510 6568453 2926
1511 6571379 6720
1512 6578099 2649
1513 6580748 1556
1514 6582304 1735
1515 6584039 1664
1516 6585703 943
1517 6586646 8636
1518 6595282 5377
1519 6600659 5437
1520 6606096 5272
1521 6611368 6367
1522 6617735 2024
1523 6619759 18943
1524 6638702 7521
1525 6646223 1808
1526 6648031 1225
1527 6649256 2892
1528 6652148 1842
1529 6653990 2680
1530 6656670 4109
1531 6660779 1389
1532 6662168 583
1533 6662751 6346
1534 6669097 2349
1535 6671446 1788
1536 6673234 3289
1537 6676523 1846
1538 6678369 13078
1539 6691447 521
1540 6691968 1497
1541 6693465 2941
1542 6696406 2301
1543 6698707 2766
1544 6701473 17721
1545 6719194 2805
1546 6721999 2692
1547 6724691 1244
1548 6725935 1098
1549 6727033 855
1550 6727888 975
1551 6728863 990
1552 6729853 2352
1553 6732205 1734
1554 6733939 1143
1555 6735082 897
1556 6735979 1128
1557 6737107 1350
1558 6738457 993
1559 6739450 1942
1560 6741392 2612
1561 6744004 1266
1562 6745270 2733
1563 6748003 2809
1564 6750812 2953
1565 6753765 1023
1566 6754788 3505
1567 6758293 2473
1568 6760766 4238
1569 6765004 3286
1570 6768290 5763
1571 6774053 3273
1572 6777326 892
1573 6778218 2287
1574 6780505 4502
1575 6785007 783
1576 6785790 5694
1577 6791484 1224
1578 6792708 5923
1579 6798631 846
1580 6799477 1581
1581 6801058 844
1582 6801902 3215
1583 6805117 6271
1584 6811388 806
1585 6812194 3368
1586 6815562 3957
1587 6819519 1244
1588 6820763 1078
1589 6821841 1797
1590 6823638 1530
1591 6825168 2489
1592 6827657 2489
1593 6830146 1743
1594 6831889 1374
1595 6833263 2899
1596 6836162 2430
1597 6838592 1563
1598 6840155 1855
1599 6842010 1076
1600 6843086 948
1601 6844034 3351
1602 6847385 1953
1603 6849338 1924
1604 6851262 2217
1605 6853479 1949
1606 6855428 3008
1607 6858436 1740
1608 6860176 3096
1609 6863272 3685
1610 6866957 511
1611 6867468 1076
1612 6868544 781
1613 6869325 2512
1614 6871837 1029
1615 6872866 2197
1616 6875063 1823
1617 6876886 1413
1618 6878299 696
1619 6878995 1639
1620 6880634 2468
1621 6883102 1528
1622 6884630 2239
1623 6886869 2337
1624 6889206 2196
1625 6891402 1039
1626 6892441 2441
1627 6894882 1380
1628 6896262 4032
1629 6900294 2067
1630 6902361 1770
1631 6904131 4144
1632 6908275 524
1633 6908799 809
1634 6909608 2511
1635 6912119 4102
1636 6916221 3474
1637 6919695 891
1638 6920586 4028
1639 6924614 3461
1640 6928075 1192
1641 6929267 2353
1642 6931620 2579
1643 6934199 3742
1644 6937941 1621
1645 6939562 2686
1646 6942248 2671
1647 6944919 513
1648 6945432 4129
1649 6949561 6043
1650 6955604 1733
1651 6957337 3549
1652 6960886 2443
1653 6963329 5598
1654 6968927 7718
1655 6976645 4908
1656 6981553 905
1657 6982458 1267
1658 6983725 1997
1659 6985722 4044
1660 6989766 3483
1661 6993249 583
1662 6993832 4029
1663 6997861 2875
1664 7000736 2776
1665 7003512 3373
1666 7006885 5430
1667 7012315 4480
1668 7016795 4928
1669 7021723 2663
1670 7024386 8829
1671 7033215 9324
1672 7042539 5422
1673 7047961 2002
1674 7049963 7217
1675 7057180 2489
1676 7059669 8123
1677 7067792 1277
1678 7069069 1837
1679 7070906 3012
1680 7073918 4394
1681 7078312 2013
1682 7080325 1188
1683 7081513 1190
1684 7082703 5128
1685 7087831 2747
1686 7090578 4006
1687 7094584 1117
1688 7095701 1980
1689 7097681 2117
1690 7099798 1309
1691 7101107 2856
1692 7103963 1558
1693 7105521 741
1694 7106262 534
1695 7106796 864
1696 7107660 674
1697 7108334 536
1698 7108870 464
1699 7109334 1341
1700 7110675 3510
1701 7114185 3711
1702 7117896 513
1703 7118409 2075
1704 7120484 1331
1705 7121815 3349
1706 7125164 6095
1707 7131259 3161
1708 7134420 5300
1709 7139720 3006
1710 7142726 3773
1711 7146499 3250
1712 7149749 2996
1713 7152745 1887
1714 7154632 3143
1715 7157775 215
1716 7157990 1932
1717 7159922 3728
1718 7163650 3572
1719 7167222 10827
1720 7178049 9815
1721 7187864 2032
1722 7189896 3766
1723 7193662 3334
1724 7196996 4126
1725 7201122 1516
1726 7202638 1432
1727 7204070 2325
1728 7206395 1924
1729 7208319 3088
1730 7211407 2711
1731 7214118 2345
1732 7216463 6515
1733 7222978 8115
1734 7231093 3599
1735 7234692 4937
1736 7239629 3427
1737 7243056 1831
1738 7244887 979
1739 7245866 1387
1740 7247253 1151
1741 7248404 2088
1742 7250492 1284
1743 7251776 1727
1744 7253503 1780
1745 7255283 2131
1746 7257414 1790
1747 7259204 7614
1748 7266818 18113
1749 7284931 3835
1750 7288766 4372
1751 7293138 3328
1752 7296466 3544
1753 7300010 10302
1754 7310312 4050
1755 7314362 1214
1756 7315576 875
1757 7316451 1476
1758 7317927 956
1759 7318883 1948
1760 7320831 4408
1761 7325239 1627
1762 7326866 6068
1763 7332934 7577
1764 7340511 1932
1765 7342443 3965
1766 7346408 2643
1767 7349051 4731
1768 7353782 8671
1769 7362453 4908
1770 7367361 7948
1771 7375309 4771
1772 7380080 9940
1773 7390020 2096
1774 7392116 1577
1775 7393693 2042
1776 7395735 1821
1777 7397556 2389
1778 7399945 2816
1779 7402761 2548
1780 7405309 13121
1781 7418430 2456
1782 7420886 2148
1783 7423034 2427
1784 7425461 3029
1785 7428490 1477
1786 7429967 10050
1787 7440017 9513
1788 7449530 4664
1789 7454194 6967
1790 7461161 3613
1791 7464774 3383
1792 7468157 2833
1793 7470990 5844
1794 7476834 3066
1795 7479900 5734
1796 7485634 4754
1797 7490388 13511
1798 7503899 3806
1799 7507705 2939
1800 7510644 1487
1801 7512131 8035
1802 7520166 5651
1803 7525817 12386
1804 7538203 3690
1805 7541893 2119
1806 7544012 5445
1807 7549457 5777
1808 7555234 7873
1809 7563107 10095
1810 7573202 3555
1811 7576757 3349
1812 7580106 2141
1813 7582247 223
1814 7582470 3743
1815 7586213 1930
1816 7588143 1430
1817 7589573 7337
1818 7596910 1016
1819 7597926 939
1820 7598865 1548
1821 7600413 3223
1822 7603636 1819
1823 7605455 3981
1824 7609436 2133
1825 7611569 3978
1826 7615547 1376
1827 7616923 4885
1828 7621808 2591
1829 7624399 1732
1830 7626131 1963
1831 7628094 1472
1832 7629566 2131
1833 7631697 999
1834 7632696 5295
1835 7637991 1961
1836 7639952 1494
1837 7641446 1846
1838 7643292 1165
1839 7644457 1172
1840 7645629 6576
1841 7652205 3703
1842 7655908 993
1843 7656901 2420
1844 7659321 2170
1845 7661491 3201
1846 7664692 2533
1847 7667225 29567
1848 7696792 1090
1849 7697882 1706
1850 7699588 5072
1851 7704660 1229
1852 7705889 1613
1853 7707502 1694
1854 7709196 2372
1855 7711568 1641
1856 7713209 1553
1857 7714762 2566
1858 7717328 3165
1859 7720493 4529
1860 7725022 1748
1861 7726770 933
1862 7727703 1465
1863 7729168 2010
1864 7731178 1492
1865 7732670 1752
1866 7734422 1259
1867 7735681 1854
1868 7737535 1583
1869 7739118 823
1870 7739941 2711
1871 7742652 1822
1872 7744474 5974
1873 7750448 2660
1874 7753108 1359
1875 7754467 1170
1876 7755637 2681
1877 7758318 1420
1878 7759738 2307
1879 7762045 1432
1880 7763477 1303
1881 7764780 2148
1882 7766928 1493
1883 7768421 1707
1884 7770128 5061
1885 7775189 2544
1886 7777733 5442
1887 7783175 1640
1888 7784815 1266
1889 7786081 2920
1890 7789001 1567
1891 7790568 2722
1892 7793290 860
1893 7794150 1595
1894 7795745 3986
1895 7799731 3226
1896 7802957 2931
1897 7805888 3315
1898 7809203 2703
1899 7811906 1402
1900 7813308 1368
1901 7814676 884
1902 7815560 2131
1903 7817691 1090
1904 7818781 3309
1905 7822090 3180
1906 7825270 3706
1907 7828976 1726
1908 7830702 4788
1909 7835490 1777
1910 7837267 968
1911 7838235 1269
1912 7839504 984
1913 7840488 1138
1914 7841626 4922
1915 7846548 2223
1916 7848771 1805
1917 7850576 1110
1918 7851686 1271
1919 7852957 1234
1920 7854191 4081
1921 7858272 1464
1922 7859736 2677
1923 7862413 2132
1924 7864545 1096
1925 7865641 1830
1926 7867471 4976
1927 7872447 2280
1928 7874727 6213
1929 7880940 3528
1930 7884468 6690
1931 7891158 9888
1932 7901046 2172
1933 7903218 3663
1934 7906881 2323
1935 7909204 3696
1936 7912900 2932
1937 7915832 3726
1938 7919558 1621
1939 7921179 10093
1940 7931272 2141
1941 7933413 4951
1942 7938364 2387
1943 7940751 1514
1944 7942265 7749
1945 7950014 6602
1946 7956616 4360
1947 7960976 9347
1948 7970323 6246
1949 7976569 5660
1950 7982229 2818
1951 7985047 5584
1952 7990631 10369
1953 8001000 4296
1954 8005296 5876
1955 8011172 4622
1956 8015794 2246
1957 8018040 3353
1958 8021393 8852
1959 8030245 1804
1960 8032049 5710
1961 8037759 4028
1962 8041787 4031
1963 8045818 2609
1964 8048427 359
1965 8048786 1857
1966 8050643 7338
1967 8057981 4418
1968 8062399 2432
1969 8064831 1729
1970 8066560 3044
1971 8069604 3456
1972 8073060 2739
1973 8075799 5049
1974 8080848 1177
1975 8082025 1156
1976 8083181 3067
1977 8086248 7451
1978 8093699 7458
1979 8101157 1164
1980 8102321 5897
1981 8108218 1665
1982 8109883 2303
1983 8112186 4667
1984 8116853 1701
1985 8118554 3287
1986 8121841 1894
1987 8123735 1158
1988 8124893 2580
1989 8127473 664
1990 8128137 2746
1991 8130883 5058
1992 8135941 196
1993 8136137 1617
1994 8137754 2772
1995 8140526 4131
1996 8144657 1228
1997 8145885 1096
1998 8146981 1581
1999 8148562 1168
2000 8149730 1633
2001 8151363 820
2002 8152183 872
2003 8153055 3706
2004 8156761 825
2005 8157586 3060
2006 8160646 7797
2007 8168443 2512
2008 8170955 1484
2009 8172439 3100
2010 8175539 1144
2011 8176683 2645
2012 8179328 2320
2013 8181648 1332
2014 8182980 1024
2015 8184004 3622
2016 8187626 2994
2017 8190620 1437
2018 8192057 8209
2019 8200266 1444
2020 8201710 2018
2021 8203728 941
2022 8204669 1636
2023 8206305 1601
2024 8207906 899
2025 8208805 2389
2026 8211194 9398
2027 8220592 3862
2028 8224454 1962
2029 8226416 3101
2030 8229517 2431
2031 8231948 7717
2032 8239665 2645
2033 8242310 2010
2034 8244320 6161
2035 8250481 4219
2036 8254700 4298
2037 8258998 3380
2038 8262378 6744
2039 8269122 3552
2040 8272674 3250
2041 8275924 4599
2042 8280523 5144
2043 8285667 4403
2044 8290070 3323
2045 8293393 4041
2046 8297434 1123
2047 8298557 7778
2048 8306335 4515
2049 8310850 4313
2050 8315163 4320
2051 8319483 4032
2052 8323515 5440
2053 8328955 7570
2054 8336525 2287
2055 8338812 2095
2056 8340907 2898
2057 8343805 2895
2058 8346700 4592
2059 8351292 5308
2060 8356600 3096
2061 8359696 4034
2062 8363730 5324
2063 8369054 4625
2064 8373679 5001
2065 8378680 2452
2066 8381132 2678
2067 8383810 2921
2068 8386731 8043
2069 8394774 1212
2070 8395986 760
2071 8396746 195
2072 8396941 4079
2073 8401020 3235
2074 8404255 1517
2075 8405772 9744
2076 8415516 2952
2077 8418468 8543
2078 8427011 3865
2079 8430876 5122
2080 8435998 4804
2081 8440802 8420
2082 8449222 4691
2083 8453913 3859
2084 8457772 516
2085 8458288 4582
2086 8462870 4230
2087 8467100 3710
2088 8470810 5696
2089 8476506 7094
2090 8483600 6284
2091 8489884 2493
2092 8492377 3277
2093 8495654 945
2094 8496599 22518
2095 8519117 18205
2096 8537322 2540
2097 8539862 8276
2098 8548138 1614
2099 8549752 2363
2100 8552115 6930
2101 8559045 3257
2102 8562302 10783
2103 8573085 2840
2104 8575925 3414
2105 8579339 3163
2106 8582502 4740
2107 8587242 7112
2108 8594354 6769
2109 8601123 6048
2110 8607171 1034
2111 8608205 2733
2112 8610938 3384
2113 8614322 1037
2114 8615359 2398
2115 8617757 1528
2116 8619285 6085
2117 8625370 13281
2118 8638651 2070
2119 8640721 12647
2120 8653368 6277
2121 8659645 2840
2122 8662485 4946
2123 8667431 1927
2124 8669358 8874
2125 8678232 6438
2126 8684670 2428
2127 8687098 6077
2128 8693175 782
2129 8693957 1063
2130 8695020 2889
2131 8697909 4394
2132 8702303 9495
2133 8711798 2170
2134 8713968 3157
2135 8717125 2102
2136 8719227 2278
2137 8721505 26746
2138 8748251 1872
2139 8750123 1752
2140 8751875 5212
2141 8757087 5434
2142 8762521 2494
2143 8765015 3395
2144 8768410 4702
2145 8773112 3689
2146 8776801 3366
2147 8780167 15080
2148 8795247 4072
2149 8799319 3505
2150 8802824 9939
2151 8812763 1634
2152 8814397 1463
2153 8815860 5765
2154 8821625 10704
2155 8832329 4858
2156 8837187 3780
2157 8840967 2169
2158 8843136 1242
2159 8844378 642
2160 8845020 1512
2161 8846532 4527
2162 8851059 2709
2163 8853768 1917
2164 8855685 8547
2165 8864232 6110
2166 8870342 5091
2167 8875433 1931
2168 8877364 6426
2169 8883790 2934
2170 8886724 2888
2171 8889612 7333
2172 8896945 1661
2173 8898606 1926
2174 8900532 2586
2175 8903118 1665
2176 8904783 1566
2177 8906349 10501
2178 8916850 7419
2179 8924269 3285
2180 8927554 2971
2181 8930525 1901
2182 8932426 5508
2183 8937934 8008
2184 8945942 3140
2185 8949082 482
2186 8949564 3605
2187 8953169 4944
2188 8958113 6761
2189 8964874 899
2190 8965773 2316
2191 8968089 4232
2192 8972321 3500
2193 8975821 2853
2194 8978674 5459
2195 8984133 4990
2196 8989123 7159
2197 8996282 1126
2198 8997408 3881
2199 9001289 1330
2200 9002619 7153
2201 9009772 3251
2202 9013023 4340
2203 9017363 4772
2204 9022135 2310
2205 9024445 5884
2206 9030329 2260
2207 9032589 1715
2208 9034304 14735
2209 9049039 5279
2210 9054318 1340
2211 9055658 5487
2212 9061145 1397
2213 9062542 6446
2214 9068988 4575
2215 9073563 4511
2216 9078074 9523
2217 9087597 1728
2218 9089325 3418
2219 9092743 15116
2220 9107859 9468
2221 9117327 3862
2222 9121189 7723
2223 9128912 13356
2224 9142268 3740
2225 9146008 13685
2226 9159693 5298
2227 9164991 3270
2228 9168261 3673
2229 9171934 6246
2230 9178180 1458
2231 9179638 2672
2232 9182310 2064
2233 9184374 3056
2234 9187430 1581
2235 9189011 8406
2236 9197417 3419
2237 9200836 3329
2238 9204165 1337
2239 9205502 7822
2240 9213324 8050
2241 9221374 8437
2242 9229811 5583
2243 9235394 6997
2244 9242391 1765
2245 9244156 6327
2246 9250483 8765
2247 9259248 3763
2248 9263011 4530
2249 9267541 2706
2250 9270247 2346
2251 9272593 3786
2252 9276379 4728
2253 9281107 4184
2254 9285291 3190
2255 9288481 6926
2256 9295407 8328
2257 9303735 8325
2258 9312060 2745
2259 9314805 593
2260 9315398 4144
2261 9319542 7982
2262 9327524 8262
2263 9335786 5290
2264 9341076 2367
2265 9343443 7568
2266 9351011 6466
2267 9357477 2807
2268 9360284 1034
2269 9361318 2995
2270 9364313 10341
2271 9374654 7436
2272 9382090 7497
2273 9389587 1006
2274 9390593 2904
2275 9393497 7980
2276 9401477 6906
2277 9408383 3997
2278 9412380 9420
2279 9421800 9509
2280 9431309 2635
2281 9433944 3721
2282 9437665 5583
2283 9443248 14547
2284 9457795 2998
2285 9460793 4438
2286 9465231 7740
2287 9472971 6342
2288 9479313 2454
2289 9481767 3835
2290 9485602 3786
2291 9489388 1812
2292 9491200 3333
2293 9494533 4937
2294 9499470 2181
2295 9501651 1322
2296 9502973 3906
2297 9506879 954
2298 9507833 3468
2299 9511301 3278
2300 9514579 3597
2301 9518176 3211
2302 9521387 2417
2303 9523804 951
2304 9524755 1211
2305 9525966 7954
2306 9533920 6810
2307 9540730 4409
2308 9545139 7151
2309 9552290 978
2310 9553268 3257
2311 9556525 8918
2312 9565443 2115
2313 9567558 6181
2314 9573739 6189
2315 9579928 1101
2316 9581029 769
2317 9581798 6596
2318 9588394 3522
2319 9591916 2621
2320 9594537 988
2321 9595525 4265
2322 9599790 5441
2323 9605231 3000
2324 9608231 2738
2325 9610969 3729
2326 9614698 2091
2327 9616789 3953
2328 9620742 12686
2329 9633428 2465
2330 9635893 1878
2331 9637771 3551
2332 9641322 3792
2333 9645114 3789
2334 9648903 1867
2335 9650770 5313
2336 9656083 6671
2337 9662754 2485
2338 9665239 4512
2339 9669751 6791
2340 9676542 1484
2341 9678026 2395
2342 9680421 2611
2343 9683032 746
2344 9683778 5250
2345 9689028 265
2346 9689293 842
2347 9690135 3415
2348 9693550 5717
2349 9699267 1216
2350 9700483 1348
2351 9701831 3550
2352 9705381 2342
2353 9707723 2166
2354 9709889 3716
2355 9713605 3919
2356 9717524 904
2357 9718428 2893
2358 9721321 1134
2359 9722455 1762
2360 9724217 1980
2361 9726197 3063
2362 9729260 7011
2363 9736271 8412
2364 9744683 3922
2365 9748605 3861
2366 9752466 4618
2367 9757084 3849
2368 9760933 4174
2369 9765107 2642
2370 9767749 1680
2371 9769429 1048
2372 9770477 3998
2373 9774475 3812
2374 9778287 2845
2375 9781132 1266
2376 9782398 3125
2377 9785523 7522
2378 9793045 18478
2379 9811523 2173
2380 9813696 3723
2381 9817419 1617
2382 9819036 4151
2383 9823187 5053
2384 9828240 8661
2385 9836901 3067
2386 9839968 13058
2387 9853026 3637
2388 9856663 195
2389 9856858 6211
2390 9863069 8463
2391 9871532 5624
2392 9877156 2115
2393 9879271 4915
2394 9884186 1190
2395 9885376 3821
2396 9889197 6221
2397 9895418 1619
2398 9897037 3398
2399 9900435 2770
2400 9903205 6093
2401 9909298 1739
2402 9911037 6559
2403 9917596 3612
2404 9921208 10178
2405 9931386 6853
2406 9938239 4497
2407 9942736 3495
2408 9946231 6245
2409 9952476 9443
2410 9961919 1573
2411 9963492 2723
2412 9966215 4465
2413 9970680 8549
2414 9979229 1533
2415 9980762 4790
2416 9985552 208
2417 9985760 170
2418 9985930 197
2419 9986127 170
2420 9986297 3964
2421 9990261 5162
2422 9995423 9011
2423 10004434 6404
2424 10010838 7328
2425 10018166 16866
2426 10035032 183
2427 10035215 12249
2428 10047464 6698
2429 10054162 224
2430 10054386 170
2431 10054556 3836
2432 10058392 164
2433 10058556 32594
2434 10091150 2306
2435 10093456 2185
2436 10095641 3925
2437 10099566 2949
2438 10102515 2100
2439 10104615 3622
2440 10108237 2345
2441 10110582 5957
2442 10116539 8183
2443 10124722 184
2444 10124906 5399
2445 10130305 4996
2446 10135301 6702
2447 10142003 173
2448 10142176 14306
2449 10156482 212
2450 10156694 6753
2451 10163447 213
2452 10163660 9146
2453 10172806 336
2454 10173142 185
2455 10173327 11194
2456 10184521 6533
2457 10191054 15879
2458 10206933 210
2459 10207143 2590
2460 10209733 8150
2461 10217883 3958
2462 10221841 5406
2463 10227247 6472
2464 10233719 7310
2465 10241029 22500
2466 10263529 213
2467 10263742 6718
2468 10270460 202
2469 10270662 5337
2470 10275999 4889
2471 10280888 6727
2472 10287615 219
2473 10287834 9151
2474 10296985 172
2475 10297157 11078
2476 10308235 172
2477 10308407 188
2478 10308595 182
2479 10308777 3591
2480 10312368 4604
2481 10316972 6413
2482 10323385 6979
2483 10330364 15622
2484 10345986 213
2485 10346199 201
2486 10346400 279
2487 10346679 296
2488 10346975 184
2489 10347159 5277
2490 10352436 5016
2491 10357452 210
2492 10357662 274
2493 10357936 296
2494 10358232 1698
2495 10359930 172
2496 10360102 260
2497 10360362 6701
2498 10367063 192
2499 10367255 9214
2500 10376469 234
2501 10376703 52977
2502 10429680 5305
2503 10434985 8579
2504 10443564 7295
2505 10450859 6240
2506 10457099 181
2507 10457280 12590
2508 10469870 6704
2509 10476574 212
2510 10476786 193
2511 10476979 4998
2512 10481977 4687
2513 10486664 6568
2514 10493232 203
2515 10493435 6552
2516 10499987 186
2517 10500173 189
2518 10500362 11237
2519 10511599 6548
2520 10518147 16170
2521 10534317 198
2522 10534515 2947
2523 10537462 7496
2524 10544958 3625
2525 10548583 4846
2526 10553429 9768
2527 10563197 6786
2528 10569983 7667
2529 10577650 23437
2530 10601087 185
2531 10601272 12182
2532 10613454 191
2533 10613645 4992
2534 10618637 4501
2535 10623138 3214
2536 10626352 6554
2537 10632906 3355
2538 10636261 2809
2539 10639070 3432
2540 10642502 214
2541 10642716 9296
2542 10652012 14409
2543 10666421 170
2544 10666591 11284
2545 10677875 6547
2546 10684422 13639
2547 10698061 13913
2548 10711974 171
2549 10712145 4573
2550 10716718 209
2551 10716927 182
2552 10717109 188
2553 10717297 182
2554 10717479 3541
2555 10721020 4693
2556 10725713 9351
2557 10735064 6788
2558 10741852 7682
2559 10749534 16138
2560 10765672 184
2561 10765856 12192
2562 10778048 171
2563 10778219 5021
2564 10783240 185
2565 10783425 5009
2566 10788434 4530
2567 10792964 6538
2568 10799502 214
2569 10799716 9034
2570 10808750 182
2571 10808932 11244
2572 10820176 6540
2573 10826716 209
2574 10826925 182
2575 10827107 164
2576 10827271 182
2577 10827453 3597
2578 10831050 4688
2579 10835738 9332
2580 10845070 6790
2581 10851860 7669
2582 10859529 16369
2583 10875898 184
2584 10876082 12222
2585 10888304 6544
2586 10894848 206
2587 10895054 5109
2588 10900163 4588
2589 10904751 6547
2590 10911298 274
2591 10911572 9077
2592 10920649 171
2593 10920820 15245
2594 10936065 210
2595 10936275 6531
2596 10942806 164
2597 10942970 11222
2598 10954192 6524
2599 10960716 185
2600 10960901 203
2601 10961104 185
2602 10961289 197
2603 10961486 185
2604 10961671 179
2605 10961850 185
2606 10962035 182
2607 10962217 197
2608 10962414 191
2609 10962605 183
2610 10962788 12272
2611 10975060 213
2612 10975273 3081
2613 10978354 7596
2614 10985950 3499
2615 10989449 4846
2616 10994295 9340
2617 11003635 6766
2618 11010401 7667
2619 11018068 22456
2620 11040524 181
2621 11040705 5104
2622 11045809 4581
2623 11050390 6545
2624 11056935 213
2625 11057148 8876
2626 11066024 11601
2627 11077625 191
2628 11077816 185
2629 11078001 165
2630 11078166 11249
2631 11089415 6538
2632 11095953 192
2633 11096145 164
2634 11096309 182
2635 11096491 208
2636 11096699 3487
2637 11100186 4752
2638 11104938 9327
2639 11114265 6765
2640 11121030 7640
2641 11128670 16846
2642 11145516 177
2643 11145693 6527
2644 11152220 196
2645 11152416 5138
2646 11157554 4508
2647 11162062 222
2648 11162284 8982
2649 11171266 203
2650 11171469 8348
2651 11179817 171
2652 11179988 11269
2653 11191257 169
2654 11191426 2703
2655 11194129 189
2656 11194318 176
2657 11194494 158
2658 11194652 3505
2659 11198157 4891
2660 11203048 9336
2661 11212384 6742
2662 11219126 7644
2663 11226770 16366
2664 11243136 183
2665 11243319 8952
2666 11252271 223
2667 11252494 202
2668 11252696 5123
2669 11257819 4580
2670 11262399 194
2671 11262593 185
2672 11262778 181
2673 11262959 15904
2674 11278863 210
2675 11279073 6536
2676 11285609 231
2677 11285840 9094
2678 11294934 185
2679 11295119 204
2680 11295323 6522
2681 11301845 210
2682 11302055 3089
2683 11305144 7559
2684 11312703 3695
2685 11316398 5085
2686 11321483 9331
2687 11330814 6774
2688 11337588 7692
2689 11345280 23376
2690 11368656 171
2691 11368827 187
2692 11369014 4428
2693 11373442 6537
2694 11379979 186
2695 11380165 5376
2696 11385541 190
2697 11385731 5092
2698 11390823 4532
2699 11395355 3506
2700 11398861 6537
2701 11405398 213
2702 11405611 8973
2703 11414584 171
2704 11414755 6545
2705 11421300 232
2706 11421532 158
2707 11421690 221
2708 11421911 158
2709 11422069 3439
2710 11425508 4920
2711 11430428 9363
2712 11439791 6814
2713 11446605 7669
2714 11454274 16884
2715 11471158 183
2716 11471341 6531
2717 11477872 189
2718 11478061 196
2719 11478257 5190
2720 11483447 4657
2721 11488104 6541
2722 11494645 250
2723 11494895 173
2724 11495068 176
2725 11495244 201
2726 11495445 8827
2727 11504272 171
2728 11504443 6549
2729 11510992 218
2730 11511210 225
2731 11511435 4105
2732 11515540 158
2733 11515698 185
2734 11515883 165
2735 11516048 195
2736 11516243 5801
2737 11522044 5498
2738 11527542 10336
2739 11537878 3401
2740 11541279 4906
2741 11546185 9369
2742 11555554 6850
2743 11562404 7662
2744 11570066 16082
2745 11586148 6784
2746 11592932 184
2747 11593116 5168
2748 11598284 4600
2749 11602884 6803
2750 11609687 242
2751 11609929 17000
2752 11626929 13529
2753 11640458 194
2754 11640652 3180
2755 11643832 234
2756 11644066 6219
2757 11650285 213
2758 11650498 9138
2759 11659636 171
2760 11659807 179
2761 11659986 6777
2762 11666763 182
2763 11666945 210
2764 11667155 2604
2765 11669759 3164
2766 11672923 5134
2767 11678057 9381
2768 11687438 6874
2769 11694312 7811
2770 11702123 21528
2771 11723651 184
2772 11723835 6806
2773 11730641 184
2774 11730825 5126
2775 11735951 4455
2776 11740406 6816
2777 11747222 234
2778 11747456 232
2779 11747688 9386
2780 11757074 190
2781 11757264 6801
2782 11764065 14980
2783 11779045 206
2784 11779251 209
2785 11779460 221
2786 11779681 215
2787 11779896 2397
2788 11782293 4260
2789 11786553 8567
2790 11795120 6165
2791 11801285 7207
2792 11808492 15333
2793 11823825 190
2794 11824015 6792
2795 11830807 2906
2796 11833713 199
2797 11833912 4992
2798 11838904 4605
2799 11843509 6771
2800 11850280 259
2801 11850539 9167
2802 11859706 204
2803 11859910 54871
2804 11914781 6754
2805 11921535 196
2806 11921731 222
2807 11921953 5455
2808 11927408 6792
2809 11934200 178
2810 11934378 4589
2811 11938967 4345
2812 11943312 6789
2813 11950101 192
2814 11950293 12518
2815 11962811 229
2816 11963040 9423
2817 11972463 184
2818 11972647 3370
2819 11976017 6756
2820 11982773 188
2821 11982961 194
2822 11983155 182
2823 11983337 227
2824 11983564 3042
2825 11986606 6671
2826 11993277 3230
2827 11996507 5099
2828 12001606 7723
2829 12009329 5288
2830 12014617 10769
2831 12025386 1795
2832 12027181 7095
2833 12034276 3564
2834 12037840 464
2835 12038304 3866
2836 12042170 753
2837 12042923 873
2838 12043796 5536
2839 12049332 1481
2840 12050813 2130
2841 12052943 2608
2842 12055551 3651
2843 12059202 3207
2844 12062409 2071
2845 12064480 4748
2846 12069228 9813
2847 12079041 582
2848 12079623 3144
2849 12082767 3402
2850 12086169 5297
2851 12091466 3751
2852 12095217 9795
2853 12105012 1602
2854 12106614 3066
2855 12109680 5549
2856 12115229 3646
2857 12118875 1956
2858 12120831 4376
2859 12125207 1363
2860 12126570 9412
2861 12135982 4461
2862 12140443 2570
2863 12143013 3558
2864 12146571 1642
2865 12148213 1456
2866 12149669 1492
2867 12151161 4692
2868 12155853 2848
2869 12158701 8336
2870 12167037 7620
2871 12174657 5280
2872 12179937 2983
2873 12182920 7000
2874 12189920 1164
2875 12191084 2791
2876 12193875 2563
2877 12196438 1935
2878 12198373 2304
2879 12200677 522
2880 12201199 5715
2881 12206914 512
2882 12207426 2020
2883 12209446 6467
2884 12215913 5741
2885 12221654 2459
2886 12224113 3021
2887 12227134 8776
2888 12235910 3538
2889 12239448 3020
2890 12242468 8889
2891 12251357 4000
2892 12255357 3359
2893 12258716 3597
2894 12262313 1429
2895 12263742 4453
2896 12268195 1021
2897 12269216 1771
2898 12270987 5464
2899 12276451 2061
2900 12278512 1790
2901 12280302 15755
2902 12296057 5702
2903 12301759 2232
2904 12303991 2595
2905 12306586 5270
2906 12311856 3861
2907 12315717 13331
2908 12329048 3757
2909 12332805 1817
2910 12334622 3514
2911 12338136 6389
2912 12344525 2913
2913 12347438 523
2914 12347961 4650
2915 12352611 4514
2916 12357125 2696
2917 12359821 4696
2918 12364517 2120
2919 12366637 725
2920 12367362 717
2921 12368079 3176
2922 12371255 722
2923 12371977 6132
2924 12378109 6259
2925 12384368 5686
2926 12390054 10371
2927 12400425 1424
2928 12401849 2033
2929 12403882 4162
2930 12408044 6325
2931 12414369 2924
2932 12417293 6038
2933 12423331 6013
2934 12429344 1654
2935 12430998 6387
2936 12437385 3152
2937 12440537 6561
2938 12447098 8795
2939 12455893 1271
2940 12457164 2860
2941 12460024 1669
2942 12461693 3239
2943 12464932 5845
2944 12470777 6638
2945 12477415 6158
2946 12483573 6182
2947 12489755 9424
2948 12499179 9440
2949 12508619 1130
2950 12509749 686
2951 12510435 1108
2952 12511543 3740
2953 12515283 635
2954 12515918 5497
2955 12521415 1344
2956 12522759 2776
2957 12525535 2309
2958 12527844 5297
2959 12533141 12077
2960 12545218 2470
2961 12547688 25530
2962 12573218 3654
2963 12576872 3954
2964 12580826 12296
2965 12593122 4191
2966 12597313 3840
2967 12601153 14523
2968 12615676 12139
2969 12627815 3613
2970 12631428 1481
2971 12632909 8864
2972 12641773 1706
2973 12643479 650
2974 12644129 3139
2975 12647268 2742
2976 12650010 5643
2977 12655653 9385
2978 12665038 3961
2979 12668999 1072
2980 12670071 1641
2981 12671712 5432
2982 12677144 4535
2983 12681679 4434
2984 12686113 4332
2985 12690445 1826
2986 12692271 4319
2987 12696590 3607
2988 12700197 6096
2989 12706293 4153
2990 12710446 1095
2991 12711541 726
2992 12712267 8680
2993 12720947 3861
2994 12724808 6788
2995 12731596 1467
2996 12733063 2457
2997 12735520 1077
2998 12736597 995
2999 12737592 985
3000 12738577 5298
3001 12743875 10742
3002 12754617 735
3003 12755352 655
3004 12756007 3952
3005 12759959 9796
3006 12769755 1202
3007 12770957 3054
3008 12774011 758
3009 12774769 530
3010 12775299 605
3011 12775904 970
3012 12776874 703
3013 12777577 1698
3014 12779275 12165
3015 12791440 4264
3016 12795704 11070
3017 12806774 3561
3018 12810335 1564
3019 12811899 3041
3020 12814940 990
3021 12815930 582
3022 12816512 1378
3023 12817890 1634
3024 12819524 1533
3025 12821057 8817
3026 12829874 7704
3027 12837578 4082
3028 12841660 2875
3029 12844535 588
3030 12845123 7430
3031 12852553 3850
3032 12856403 11790
3033 12868193 4637
3034 12872830 2495
3035 12875325 3830
3036 12879155 15075
3037 12894230 6020
3038 12900250 2568
3039 12902818 197
3040 12903015 2263
3041 12905278 3776
3042 12909054 2757
3043 12911811 13188
3044 12924999 7634
3045 12932633 1875
3046 12934508 2723
3047 12937231 1892
3048 12939123 1792
3049 12940915 3325
3050 12944240 2171
3051 12946411 2952
3052 12949363 1945
3053 12951308 1795
3054 12953103 2133
3055 12955236 2774
3056 12958010 2795
3057 12960805 1902
3058 12962707 2513
3059 12965220 3244
3060 12968464 2135
3061 12970599 1864
3062 12972463 1727
3063 12974190 2045
3064 12976235 4343
3065 12980578 3835
3066 12984413 3655
3067 12988068 2898
3068 12990966 2401
3069 12993367 2516
3070 12995883 2281
3071 12998164 2310
3072 13000474 212
3073 13000686 5700
3074 13006386 9505
3075 13015891 2587
3076 13018478 857
3077 13019335 4367
3078 13023702 6989
3079 13030691 197
3080 13030888 3084
3081 13033972 2585
3082 13036557 2328
3083 13038885 2541
3084 13041426 3474
3085 13044900 4259
3086 13049159 2512
3087 13051671 4857
3088 13056528 2702
3089 13059230 8067
3090 13067297 2678
3091 13069975 6071
3092 13076046 2395
3093 13078441 1209
3094 13079650 17278
3095 13096928 9530
3096 13106458 2898
3097 13109356 3177
3098 13112533 5754
3099 13118287 3390
3100 13121677 1916
3101 13123593 2981
3102 13126574 4361
3103 13130935 4129
3104 13135064 3687
3105 13138751 2943
3106 13141694 23731
3107 13165425 10823
3108 13176248 15759
3109 13192007 29815
3110 13221822 3674
3111 13225496 4134
3112 13229630 3540
3113 13233170 2979
3114 13236149 4723
3115 13240872 2612
3116 13243484 2710
3117 13246194 3561
3118 13249755 3461
3119 13253216 19560
3120 13272776 3961
3121 13276737 1233
3122 13277970 5266
3123 13283236 4246
3124 13287482 3728
3125 13291210 4278
3126 13295488 3011
3127 13298499 4287
3128 13302786 3698
3129 13306484 3147
3130 13309631 3983
3131 13313614 4138
3132 13317752 3535
3133 13321287 3587
3134 13324874 3798
3135 13328672 3989
3136 13332661 3463
3137 13336124 4254
3138 13340378 10359
3139 13350737 3731
3140 13354468 4650
3141 13359118 3441
3142 13362559 3971
3143 13366530 4732
3144 13371262 4129
3145 13375391 3889
3146 13379280 3434
3147 13382714 2789
3148 13385503 3082
3149 13388585 3122
3150 13391707 4049
3151 13395756 3209
3152 13398965 19194
3153 13418159 4304
3154 13422463 3317
3155 13425780 1527
3156 13427307 3444
3157 13430751 3506
3158 13434257 19395
3159 13453652 4641
3160 13458293 1484
3161 13459777 3369
3162 13463146 4759
3163 13467905 4084
3164 13471989 3292
3165 13475281 1206
3166 13476487 3402
3167 13479889 5395
3168 13485284 3724
3169 13489008 4943
3170 13493951 3100
3171 13497051 3274
3172 13500325 3628
3173 13503953 3718
3174 13507671 3474
3175 13511145 2723
3176 13513868 3220
3177 13517088 3638
3178 13520726 3077
3179 13523803 3534
3180 13527337 18793
3181 13546130 4398
3182 13550528 3725
3183 13554253 3540
3184 13557793 1560
3185 13559353 4271
3186 13563624 1212
3187 13564836 906
3188 13565742 2882
3189 13568624 3981
3190 13572605 3411
3191 13576016 2804
3192 13578820 3520
3193 13582340 2602
3194 13584942 1091
3195 13586033 4164
3196 13590197 19584
3197 13609781 4764
3198 13614545 3293
3199 13617838 4675
3200 13622513 3240
3201 13625753 3581
3202 13629334 1390
3203 13630724 216
3204 13630940 2697
3205 13633637 935
3206 13634572 1059
3207 13635631 14980
3208 13650611 6230
3209 13656841 13688
3210 13670529 695
3211 13671224 2722
3212 13673946 2015
3213 13675961 2541
3214 13678502 2740
3215 13681242 1734
3216 13682976 19155
3217 13702131 8799
3218 13710930 3484
3219 13714414 3400
3220 13717814 3295
3221 13721109 3146
3222 13724255 411
3223 13724666 2495
3224 13727161 2892
3225 13730053 1775
3226 13731828 3980
3227 13735808 2794
3228 13738602 892
3229 13739494 652
3230 13740146 19282
3231 13759428 3813
3232 13763241 225
3233 13763466 27771
3234 13791237 4047
3235 13795284 7155
3236 13802439 9056
3237 13811495 29051
3238 13840546 19010
3239 13859556 914
3240 13860470 588
3241 13861058 2270
3242 13863328 1560
3243 13864888 4918
3244 13869806 3258
3245 13873064 3967
3246 13877031 2449
3247 13879480 4516
3248 13883996 1108
3249 13885104 1976
3250 13887080 542
3251 13887622 402
3252 13888024 9587
3253 13897611 2264
3254 13899875 838
3255 13900713 29239
3256 13929952 3503
3257 13933455 874
3258 13934329 2459
3259 13936788 3093
3260 13939881 217
3261 13940098 7022
3262 13947120 18850
3263 13965970 5591
3264 13971561 1266
3265 13972827 2130
3266 13974957 2301
3267 13977258 2550
3268 13979808 1233
3269 13981041 8703
3270 13989744 3449
3271 13993193 2234
3272 13995427 21861
3273 14017288 838
3274 14018126 370
3275 14018496 1123
3276 14019619 3704
3277 14023323 994
3278 14024317 3506
3279 14027823 3181
3280 14031004 1526
3281 14032530 1301
3282 14033831 1953
3283 14035784 2029
3284 14037813 1255
3285 14039068 1287
3286 14040355 3864
3287 14044219 525
3288 14044744 6423
3289 14051167 2375
3290 14053542 3451
3291 14056993 780
3292 14057773 1242
3293 14059015 2239
3294 14061254 648
3295 14061902 764
3296 14062666 4971
3297 14067637 2635
3298 14070272 2685
3299 14072957 1885
3300 14074842 1341
3301 14076183 6991
3302 14083174 1513
3303 14084687 1016
3304 14085703 1016
3305 14086719 1016
3306 14087735 1016
3307 14088751 1016
3308 14089767 1016
3309 14090783 1016
3310 14091799 1016
3311 14092815 1016
3312 14093831 1109
3313 14094940 8034
3314 14102974 5508
3315 14108482 1287
3316 14109769 1962
3317 14111731 4634
3318 14116365 6740
3319 14123105 7919
3320 14131024 3672
3321 14134696 1192
3322 14135888 8774
3323 14144662 5861
3324 14150523 2058
3325 14152581 4422
3326 14157003 1925
3327 14158928 2392
3328 14161320 1243
3329 14162563 2896
3330 14165459 2152
3331 14167611 3006
3332 14170617 2545
3333 14173162 1486
3334 14174648 3392
3335 14178040 1627
3336 14179667 6235
3337 14185902 2425
3338 14188327 2103
3339 14190430 4942
3340 14195372 8514
3341 14203886 5084
3342 14208970 1434
3343 14210404 2437
3344 14212841 2313
3345 14215154 1787
3346 14216941 3484
3347 14220425 2387
3348 14222812 3901
3349 14226713 435
3350 14227148 2412
3351 14229560 2051
3352 14231611 2373
3353 14233984 2651
3354 14236635 7824
3355 14244459 5028
3356 14249487 5761
3357 14255248 4446
3358 14259694 2463
3359 14262157 2443
3360 14264600 7220
3361 14271820 1771
3362 14273591 1888
3363 14275479 515
3364 14275994 482
3365 14276476 598
3366 14277074 2570
3367 14279644 2505
3368 14282149 1917
3369 14284066 5665
3370 14289731 1991
3371 14291722 3762
3372 14295484 2334
3373 14297818 1571
3374 14299389 3000
3375 14302389 1770
3376 14304159 8121
3377 14312280 1695
3378 14313975 3093
3379 14317068 5085
3380 14322153 5459
3381 14327612 4564
3382 14332176 5391
3383 14337567 1816
3384 14339383 3790
3385 14343173 6025
3386 14349198 2423
3387 14351621 4315
3388 14355936 940
3389 14356876 773
3390 14357649 4069
3391 14361718 2638
3392 14364356 2947
3393 14367303 1234
3394 14368537 1925
3395 14370462 2301
3396 14372763 2675
3397 14375438 2269
3398 14377707 1279
3399 14378986 4655
3400 14383641 4532
3401 14388173 3532
3402 14391705 3094
3403 14394799 4080
3404 14398879 4406
3405 14403285 2758
3406 14406043 3803
3407 14409846 2301
3408 14412147 1724
3409 14413871 2232
3410 14416103 20382
3411 14436485 3244
3412 14439729 4058
3413 14443787 1911
3414 14445698 8646
3415 14454344 2642
3416 14456986 5121
3417 14462107 5209
3418 14467316 3599
3419 14470915 4006
3420 14474921 5763
3421 14480684 2980
3422 14483664 5333
3423 14488997 1712
3424 14490709 2580
3425 14493289 5009
3426 14498298 4765
3427 14503063 3299
3428 14506362 5386
3429 14511748 5466
3430 14517214 4256
3431 14521470 2522
3432 14523992 4387
3433 14528379 7356
3434 14535735 185
3435 14535920 4697
3436 14540617 170
3437 14540787 894
3438 14541681 777
3439 14542458 2223
3440 14544681 1721
3441 14546402 924
3442 14547326 1824
3443 14549150 12065
3444 14561215 4336
3445 14565551 9775
3446 14575326 1110
3447 14576436 9636
3448 14586072 3288
3449 14589360 1393
3450 14590753 3435
3451 14594188 4642
3452 14598830 5509
3453 14604339 2564
3454 14606903 3820
3455 14610723 578
3456 14611301 3281
3457 14614582 1863
3458 14616445 3246
3459 14619691 5050
3460 14624741 2046
3461 14626787 5777
3462 14632564 2294
3463 14634858 4195
3464 14639053 4886
3465 14643939 3655
3466 14647594 1994
3467 14649588 3213
3468 14652801 2848
3469 14655649 7330
3470 14662979 394
3471 14663373 490
3472 14663863 10836
3473 14674699 4380
3474 14679079 3643
3475 14682722 8772
3476 14691494 3359
3477 14694853 2047
3478 14696900 1996
3479 14698896 7004
3480 14705900 6248
3481 14712148 3681
3482 14715829 2240
3483 14718069 14528
3484 14732597 6394
3485 14738991 1324
3486 14740315 1972
3487 14742287 2897
3488 14745184 2581
3489 14747765 2129
3490 14749894 1562
3491 14751456 741
3492 14752197 1349
3493 14753546 737
3494 14754283 386
3495 14754669 3923
3496 14758592 2967
3497 14761559 4082
3498 14765641 7333
3499 14772974 5283
3500 14778257 1322
3501 14779579 1130
3502 14780709 912
3503 14781621 1835
3504 14783456 2368
3505 14785824 5361
3506 14791185 2444
3507 14793629 7887
3508 14801516 2385
3509 14803901 915
3510 14804816 845
3511 14805661 1632
3512 14807293 2237
3513 14809530 7151
3514 14816681 1633
3515 14818314 4656
3516 14822970 2422
3517 14825392 3556
3518 14828948 2675
3519 14831623 6905
3520 14838528 2302
3521 14840830 3005
3522 14843835 4577
3523 14848412 2523
3524 14850935 2876
3525 14853811 1908
3526 14855719 1250
3527 14856969 4720
3528 14861689 1611
3529 14863300 964
3530 14864264 1598
3531 14865862 1777
3532 14867639 4530
3533 14872169 1673
3534 14873842 2640
3535 14876482 9105
3536 14885587 1861
3537 14887448 2589
3538 14890037 3537
3539 14893574 6125
3540 14899699 3367
3541 14903066 2953
3542 14906019 7839
3543 14913858 1735
3544 14915593 2202
3545 14917795 1647
3546 14919442 963
3547 14920405 1638
3548 14922043 1731
3549 14923774 14786
3550 14938560 7185
3551 14945745 3133
3552 14948878 1679
3553 14950557 1411
3554 14951968 7654
3555 14959622 1960
3556 14961582 2115
3557 14963697 1760
3558 14965457 1680
3559 14967137 2078
3560 14969215 1142
3561 14970357 9585
3562 14979942 2016
3563 14981958 1850
3564 14983808 2642
3565 14986450 3182
3566 14989632 9217
3567 14998849 3411
3568 15002260 8331
3569 15010591 1710
3570 15012301 974
3571 15013275 1049
3572 15014324 1330
3573 15015654 5319
3574 15020973 4978
3575 15025951 2151
3576 15028102 1738
3577 15029840 3952
3578 15033792 2304
3579 15036096 2233
3580 15038329 1436
3581 15039765 4267
3582 15044032 1268
3583 15045300 1232
3584 15046532 1411
3585 15047943 1688
3586 15049631 5153
3587 15054784 2520
3588 15057304 1374
3589 15058678 3057
3590 15061735 10788
3591 15072523 6984
3592 15079507 1858
3593 15081365 6910
3594 15088275 3053
3595 15091328 1876
3596 15093204 12535
3597 15105739 4563
3598 15110302 1359
3599 15111661 2440
3600 15114101 2273
3601 15116374 2111
3602 15118485 1352
3603 15119837 1145
3604 15120982 677
3605 15121659 4720
3606 15126379 1296
3607 15127675 905
3608 15128580 7358
3609 15135938 3096
3610 15139034 1894
3611 15140928 2874
3612 15143802 974
3613 15144776 1315
3614 15146091 1356
3615 15147447 529
3616 15147976 3845
3617 15151821 4599
3618 15156420 4925
3619 15161345 3192
3620 15164537 2186
3621 15166723 859
3622 15167582 790
3623 15168372 1227
3624 15169599 1555
3625 15171154 764
3626 15171918 1655
3627 15173573 12766
3628 15186339 553
3629 15186892 1809
3630 15188701 2467
3631 15191168 2316
3632 15193484 2682
3633 15196166 1649
3634 15197815 622
3635 15198437 2128
3636 15200565 2156
3637 15202721 2193
3638 15204914 2299
3639 15207213 2128
3640 15209341 484
3641 15209825 2424
3642 15212249 1235
3643 15213484 3086
3644 15216570 1557
3645 15218127 603
3646 15218730 1044
3647 15219774 5010
3648 15224784 9514
3649 15234298 1644
3650 15235942 617
3651 15236559 602
3652 15237161 2869
3653 15240030 1829
3654 15241859 2267
3655 15244126 3056
3656 15247182 2882
3657 15250064 2934
3658 15252998 2947
3659 15255945 2384
3660 15258329 2426
3661 15260755 2472
3662 15263227 855
3663 15264082 1591
3664 15265673 5722
3665 15271395 2511
3666 15273906 1275
3667 15275181 2039
3668 15277220 1562
3669 15278782 2876
3670 15281658 5664
3671 15287322 1159
3672 15288481 2773
3673 15291254 1802
3674 15293056 1201
3675 15294257 1079
3676 15295336 1730
3677 15297066 5952
3678 15303018 1767
3679 15304785 3386
3680 15308171 1539
3681 15309710 588
3682 15310298 2656
3683 15312954 869
3684 15313823 5602
3685 15319425 5097
3686 15324522 1559
3687 15326081 734
3688 15326815 763
3689 15327578 2431
3690 15330009 5673
3691 15335682 3605
3692 15339287 3575
3693 15342862 3533
3694 15346395 3628
3695 15350023 3682
3696 15353705 3710
3697 15357415 3731
3698 15361146 3680
3699 15364826 3698
3700 15368524 3617
3701 15372141 3674
3702 15375815 3662
3703 15379477 3556
3704 15383033 620
3705 15383653 5763
3706 15389416 574
3707 15389990 2805
3708 15392795 2792
3709 15395587 1049
3710 15396636 1240
3711 15397876 7365
3712 15405241 1433
3713 15406674 2233
3714 15408907 2078
3715 15410985 1415
3716 15412400 890
3717 15413290 1660
3718 15414950 2573
3719 15417523 1908
3720 15419431 16550
3721 15435981 1520
3722 15437501 4760
3723 15442261 2106
3724 15444367 2739
3725 15447106 6067
3726 15453173 537
3727 15453710 4020
3728 15457730 2009
3729 15459739 1195
3730 15460934 4596
3731 15465530 847
3732 15466377 2113
3733 15468490 1888
3734 15470378 4126
3735 15474504 4669
3736 15479173 8986
3737 15488159 3999
3738 15492158 2649
3739 15494807 838
3740 15495645 803
3741 15496448 881
3742 15497329 1017
3743 15498346 2650
3744 15500996 702
3745 15501698 5854
3746 15507552 3224
3747 15510776 8755
3748 15519531 3971
3749 15523502 1966
3750 15525468 3312
3751 15528780 7345
3752 15536125 2554
3753 15538679 2649
3754 15541328 9351
3755 15550679 18712
3756 15569391 3061
3757 15572452 2716
3758 15575168 5239
3759 15580407 2214
3760 15582621 4189
3761 15586810 6372
3762 15593182 935
3763 15594117 4808
3764 15598925 8075
3765 15607000 5253
3766 15612253 6443
3767 15618696 905
3768 15619601 3689
3769 15623290 2874
3770 15626164 3497
3771 15629661 2508
3772 15632169 3613
3773 15635782 4619
3774 15640401 9335
3775 15649736 9303
3776 15659039 11479
3777 15670518 2133
3778 15672651 4677
3779 15677328 2693
3780 15680021 1643
3781 15681664 5675
3782 15687339 2003
3783 15689342 1905
3784 15691247 8044
3785 15699291 8575
3786 15707866 2701
3787 15710567 4355
3788 15714922 3064
3789 15717986 1901
3790 15719887 10356
3791 15730243 6195
3792 15736438 4645
3793 15741083 5276
3794 15746359 1272
3795 15747631 1838
3796 15749469 3541
3797 15753010 203
3798 15753213 3684
3799 15756897 2514
3800 15759411 7464
3801 15766875 6794
3802 15773669 6273
3803 15779942 8517
3804 15788459 3088
3805 15791547 2808
3806 15794355 1830
3807 15796185 6866
3808 15803051 3357
3809 15806408 2648
3810 15809056 1132
3811 15810188 11534
3812 15821722 10790
3813 15832512 9800
3814 15842312 6867
3815 15849179 8571
3816 15857750 2218
3817 15859968 482
3818 15860450 2694
3819 15863144 586
3820 15863730 6239
3821 15869969 4271
3822 15874240 2259
3823 15876499 8891
3824 15885390 6323
3825 15891713 1539
3826 15893252 7216
3827 15900468 2732
3828 15903200 7646
3829 15910846 4391
3830 15915237 2866
3831 15918103 6172
3832 15924275 9213
3833 15933488 2798
3834 15936286 4266
3835 15940552 3869
3836 15944421 1700
3837 15946121 6360
3838 15952481 5284
3839 15957765 5075
3840 15962840 7821
3841 15970661 1833
3842 15972494 2790
3843 15975284 4953
3844 15980237 6532
3845 15986769 8530
3846 15995299 3978
3847 15999277 7450
3848 16006727 37733
3849 16044460 17678
3850 16062138 5277
3851 16067415 2765
3852 16070180 10434
3853 16080614 3741
3854 16084355 4638
3855 16088993 5348
3856 16094341 4818
3857 16099159 5187
3858 16104346 6691
3859 16111037 6426
3860 16117463 4628
3861 16122091 4100
3862 16126191 8863
3863 16135054 8291
3864 16143345 5361
3865 16148706 4238
3866 16152944 7298
3867 16160242 7806
3868 16168048 5606
3869 16173654 4415
3870 16178069 4900
3871 16182969 6325
3872 16189294 3460
3873 16192754 11786
3874 16204540 4145
3875 16208685 8088
3876 16216773 7683
3877 16224456 7841
3878 16232297 7196
3879 16239493 1627
3880 16241120 5194
3881 16246314 16160
3882 16262474 4554
3883 16267028 9224
3884 16276252 5250
3885 16281502 5533
3886 16287035 18229
3887 16305264 5314
3888 16310578 3331
3889 16313909 11384
3890 16325293 7819
3891 16333112 2126
3892 16335238 2817
3893 16338055 3648
3894 16341703 19542
3895 16361245 4255
3896 16365500 3479
3897 16368979 12411
3898 16381390 6678
3899 16388068 25272
3900 16413340 11096
3901 16424436 7037
3902 16431473 5890
3903 16437363 6294
3904 16443657 23529
3905 16467186 1442
3906 16468628 3204
3907 16471832 1191
3908 16473023 1743
3909 16474766 4484
3910 16479250 1074
3911 16480324 4058
3912 16484382 1782
3913 16486164 2075
3914 16488239 216
3915 16488455 4795
3916 16493250 2542
3917 16495792 2550
3918 16498342 358
3919 16498700 1483
3920 16500183 1473
3921 16501656 2120
3922 16503776 1458
3923 16505234 1054
3924 16506288 2599
3925 16508887 1008
3926 16509895 331
3927 16510226 4557
3928 16514783 1277
3929 16516060 866
3930 16516926 3770
3931 16520696 1305
3932 16522001 3021
3933 16525022 2532
3934 16527554 537
3935 16528091 1254
3936 16529345 1211
3937 16530556 2455
3938 16533011 1162
3939 16534173 1308
3940 16535481 7250
3941 16542731 6864
3942 16549595 2010
3943 16551605 1307
3944 16552912 503
3945 16553415 1311
3946 16554726 2238
3947 16556964 4458
3948 16561422 1535
3949 16562957 11494
3950 16574451 2046
3951 16576497 805
3952 16577302 921
3953 16578223 1062
3954 16579285 1817
3955 16581102 713
3956 16581815 11516
3957 16593331 1746
3958 16595077 2864
3959 16597941 3589
3960 16601530 948
3961 16602478 2149
3962 16604627 1201
3963 16605828 4651
3964 16610479 207
3965 16610686 7014
3966 16617700 1036
3967 16618736 1745
3968 16620481 2556
3969 16623037 1481
3970 16624518 1245
3971 16625763 1609
3972 16627372 2940
3973 16630312 1276
3974 16631588 6313
3975 16637901 2648
3976 16640549 445
3977 16640994 4226
3978 16645220 519
3979 16645739 1443
3980 16647182 2066
3981 16649248 2711
3982 16651959 3083
3983 16655042 1340
3984 16656382 1490
3985 16657872 1100
3986 16658972 1415
3987 16660387 2313
3988 16662700 579
3989 16663279 7355
3990 16670634 1290
3991 16671924 1066
3992 16672990 9011
3993 16682001 11135
3994 16693136 9158
3995 16702294 15878
3996 16718172 8641
3997 16726813 8334
3998 16735147 7249
3999 16742396 11156
4000 16753552 19413
4001 16772965 13497
4002 16786462 5452
4003 16791914 487
4004 16792401 819
4005 16793220 3186
4006 16796406 7319
4007 16803725 534
4008 16804259 1526
4009 16805785 3452
4010 16809237 2083
4011 16811320 9112
4012 16820432 7983
4013 16828415 8516
4014 16836931 4618
4015 16841549 2674
4016 16844223 4070
4017 16848293 7107
4018 16855400 3394
4019 16858794 2823
4020 16861617 666
4021 16862283 1045
4022 16863328 1627
4023 16864955 6623
4024 16871578 1339
4025 16872917 11366
4026 16884283 6307
4027 16890590 4399
4028 16894989 25164
4029 16920153 3733
4030 16923886 5069
4031 16928955 8343
4032 16937298 9727
4033 16947025 4544
4034 16951569 9561
4035 16961130 12704
4036 16973834 4649
4037 16978483 10893
4038 16989376 6237
4039 16995613 5092
4040 17000705 1743
4041 17002448 3801
4042 17006249 4754
4043 17011003 3697
4044 17014700 10664
4045 17025364 9831
4046 17035195 6763
4047 17041958 6029
4048 17047987 6537
4049 17054524 5765
4050 17060289 4060
4051 17064349 3828
4052 17068177 3467
4053 17071644 3794
4054 17075438 3277
4055 17078715 12183
4056 17090898 12684
4057 17103582 4216
4058 17107798 2805
4059 17110603 5552
4060 17116155 15807
4061 17131962 4262
4062 17136224 714
4063 17136938 1196
4064 17138134 4376
4065 17142510 4355
4066 17146865 2049
4067 17148914 12943
4068 17161857 6635
4069 17168492 8774
4070 17177266 7691
4071 17184957 10649
4072 17195606 213
4073 17195819 6953
4074 17202772 8921
4075 17211693 2331
4076 17214024 8111
4077 17222135 8248
4078 17230383 3884
4079 17234267 5718
4080 17239985 2507
4081 17242492 13174
4082 17255666 4655
4083 17260321 520
4084 17260841 1509
4085 17262350 3023
